in[0] = 8.85708, out[0] = 78.4479
in[1] = 11.3062, out[1] = 127.83
in[2] = 40.4088, out[2] = 1632.87
in[3] = 41.2992, out[3] = 1705.62
in[4] = 8.17931, out[4] = 66.9011

Success! Computed squares using shared memory.
