Threads: 1, Time: 0.0526804 sec, Sum: 1e+07
Threads: 2, Time: 0.026962 sec, Sum: 1e+07
Threads: 4, Time: 0.0181048 sec, Sum: 1e+07
Threads: 8, Time: 0.0197455 sec, Sum: 1e+07
